27
0 0 0 0 0 0 0 0 0 0 0
0 0 0 0 -25.2405 0 0 0 0 0 0
0 -0.085 0 0 -25.2405 0 0 -11.2202 12.8802 -46.4999 0
0 -0.085 0 0 -25.2405 0 21.1 -11.2202 12.8802 -46.4999 49.9998
0 -0.085 0 0 -25.2405 0 -18.2 -11.2202 12.8802 -46.4999 -54.2997
0 -0.085 0 0 -25.2405 0 19 -11.2202 12.8802 -46.4999 31.3001
0 -0.0850004 0 0 -25.2406 0 -8.30015 -11.2201 12.8801 -46.4997 -46.5002
0 -0.0850004 0 0 -25.2406 0 2.79971 -11.2201 12.8801 -46.4997 2.99931
0 -0.227001 0 0 -3.60015 99 2.79961 -11.2201 12.8801 -46.4997 2.99896
0 -0.227003 0 0 -3.60026 98.9994 14.7994 -38.6594 39.1594 11.7002 -54.5012
0 -0.227003 0 0 -3.60045 98.9994 14.7991 11.9003 54.7963 11.7003 -54.5019
0 -0.227003 0 0 -3.60064 98.9994 -5.80092 -32.4105 36.9591 -22.2998 20.9979
0 0.0359978 0 0 -9.81096 -1.50058 -5.80098 -32.4108 36.9586 -22.2998 20.9983
0 0.0359971 0 0 -9.81116 -1.50096 -5.80098 3.36977 -0.571211 -1.59972 20.9983
0 0.0359971 0 0 -9.81116 -1.50135 20.5991 3.36964 -0.571589 -1.5997 79.4976
0 0.0359971 0 0 -9.81116 -1.50135 -19.701 3.36964 -0.571589 -1.5997 -52.3015
0 0.0359971 0 0 -9.81116 -1.50173 25.1993 3.36945 -0.571971 -1.5997 30.4988
0 0.0359971 0 0 -9.81116 -1.50211 2.3995 3.36926 -0.572352 -1.5997 -15.2009
0 0.109997 0 0 -32.8615 -1.50249 2.39988 -36.5008 33.6776 33.9004 -15.2005
0 0.109996 0 0 -32.8613 -1.50287 25.0003 -76.579 33.6772 33.9002 24.5004
0 0.109996 0 0 -32.8613 -1.50287 -3.69973 -13.7412 33.6772 33.9002 -34.8997
0 0.109996 0 0 -32.8613 -1.50325 30.9004 -69.5072 33.6772 33.9002 46.6012
0 0.109996 0 0 -32.8613 -1.50363 2.1007 -3.65009 33.6772 33.9002 -43.398
0 0.109996 0 0 -32.8613 -1.50402 11.4013 -35.1697 33.6772 33.9002 -7.49761
0 0.109996 0 0 -32.8613 -1.50402 30.8013 -35.1697 80.5456 33.9002 76.4018
0 0.109996 0 0 -32.8613 -1.5044 -8.89832 -35.1693 15.2475 33.9002 -58.8968
0 0.109996 0 0 -32.8613 -1.50478 24.1019 -35.1693 74.7157 33.9002 52.1029

